3 rbox 10
10
-0.374949442106252 0.2247255418679914 -0.03782349642163468 
0.3004920247946792 0.3694544596313075 0.4210962191420572 
0.3641479121187217 0.2339522165562512 0.03489791698278666 
-0.4707134565997063 -0.2810653003687648 0.1354949890035158 
0.2642752088273644 -0.3265712199048803 0.3175057017407433 
0.3183227589524563 0.05060330969337679 0.4898217078203537 
0.4334355904100794 -0.2480392830893763 0.2037671452423252 
-0.2855954200826543 -0.002227006947833121 -0.4293096679535784 
-0.4075898489985521 -0.3625928418362446 -0.09789381697577781 
-0.3013850588364387 -0.3786854184034145 0.4341719447953365 
