Tin  126
1.546400000000000e+004
    1.540060000000000e+004
    1.527320000000000e+004
    1.508250000000000e+004
    1.482910000000000e+004
    1.451060000000000e+004
    1.412880000000000e+004
    1.368350000000000e+004
    1.317350000000000e+004
    1.260120000000000e+004
    1.196800000000000e+004
    1.127100000000000e+004
    1.051150000000000e+004
    9.686020000000000e+003
    8.781020000000000e+003
    7.786430000000000e+003
    6.712700000000000e+003
    5.588750000000000e+003
    4.431610000000000e+003
    3.258150000000000e+003
    2.128240000000000e+003
    1.168310000000000e+003
    5.631800000000000e+002
    3.663570000000000e+002
    3.182660000000000e+002
    3.063320000000000e+002
    3.027740000000000e+002
    3.014230000000000e+002
    3.008090000000000e+002
    3.004970000000000e+002
    3.003240000000000e+002
    3.002230000000000e+002
    3.001600000000000e+002
    3.001180000000000e+002
    3.000890000000000e+002
    3.000670000000000e+002
    3.000510000000000e+002
    3.000390000000000e+002
    3.000300000000000e+002
    3.000230000000000e+002
    3.000180000000000e+002
    3.000140000000000e+002
    3.000110000000000e+002
    3.000090000000000e+002
    3.000070000000000e+002
    3.000060000000000e+002
    3.000040000000000e+002
    3.000040000000000e+002
    3.000030000000000e+002
    3.000020000000000e+002
    3.000020000000000e+002
    3.000020000000000e+002
    3.000010000000000e+002
    3.000010000000000e+002
    3.000010000000000e+002
    3.000010000000000e+002
    3.000010000000000e+002
    3.000000000000000e+002
    3.000000000000000e+002
    3.000000000000000e+002
    3.000000000000000e+002
    3.000000000000000e+002
    3.000000000000000e+002
    3.000000000000000e+002
    3.000000000000000e+002
    3.000000000000000e+002
    3.000000000000000e+002
    3.000000000000000e+002
    3.000000000000000e+002
    3.000000000000000e+002
    3.000000000000000e+002
    3.000000000000000e+002
    3.000000000000000e+002
    3.000000000000000e+002
    3.000000000000000e+002
    3.000000000000000e+002
    3.000000000000000e+002
    3.000000000000000e+002
    3.000000000000000e+002
    3.000000000000000e+002
    3.000000000000000e+002
    3.000000000000000e+002
    3.000000000000000e+002
    3.000000000000000e+002
    3.000000000000000e+002
    3.000000000000000e+002
    3.000000000000000e+002
    3.000000000000000e+002
    3.000000000000000e+002
    3.000000000000000e+002
    3.000000000000000e+002
    3.000000000000000e+002
    3.000000000000000e+002
    3.000000000000000e+002
    3.000000000000000e+002
    3.000000000000000e+002
    3.000000000000000e+002
    3.000000000000000e+002
    3.000000000000000e+002
    3.000000000000000e+002
    3.000000000000000e+002
    3.000000000000000e+002
    3.000000000000000e+002
    3.000000000000000e+002
    3.000000000000000e+002
    3.000000000000000e+002
    3.000000000000000e+002
    3.000000000000000e+002
    3.000000000000000e+002
    3.000000000000000e+002
    3.000000000000000e+002
    3.000000000000000e+002
    3.000000000000000e+002
    3.000000000000000e+002
    3.000000000000000e+002
    3.000000000000000e+002
    3.000000000000000e+002
    3.000000000000000e+002
    3.000000000000000e+002
    3.000000000000000e+002
    3.000000000000000e+002
    3.000000000000000e+002
    3.000000000000000e+002
    3.000000000000000e+002
    3.000000000000000e+002
    3.000000000000000e+002

Vin 126
    8.500000000000000e+002
    8.500000000000000e+002
    8.499990000000000e+002
    8.499950000000000e+002
    8.499750000000000e+002
    8.499070000000000e+002
    8.497180000000000e+002
    8.492680000000000e+002
    8.483080000000000e+002
    8.464370000000000e+002
    8.430300000000000e+002
    8.371550000000000e+002
    8.274440000000000e+002
    8.119410000000000e+002
    7.879400000000001e+002
    7.518590000000000e+002
    6.991620000000000e+002
    6.245440000000000e+002
    5.228720000000000e+002
    3.915580000000000e+002
    2.366350000000000e+002
    8.395510000000000e+001
    2.496950000000000e+001
    6.063970000000000e+000
    1.515160000000000e+000
    4.418650000000000e-001
    1.601310000000000e-001
    6.922380000000000e-002
    3.383300000000000e-002
    1.815340000000000e-002
    1.054100000000000e-002
    6.539680000000000e-003
    4.289460000000000e-003
    2.948530000000000e-003
    2.106590000000000e-003
    1.550980000000000e-003
    1.165580000000000e-003
    8.840640000000001e-004
    6.670160000000000e-004
    5.059370000000000e-004
    3.873460000000000e-004
    2.993570000000000e-004
    2.333010000000000e-004
    1.831230000000000e-004
    1.445970000000000e-004
    1.147410000000000e-004
    9.142290000000000e-005
    7.308920000000001e-005
    5.859480000000000e-005
    4.708270000000000e-005
    3.790440000000000e-005
    3.056340000000000e-005
    2.467630000000000e-005
    1.994500000000000e-005
    1.613550000000000e-005
    1.306370000000000e-005
    1.058350000000000e-005
    8.578870000000000e-006
    6.957230000000000e-006
    5.644400000000000e-006
    4.580910000000000e-006
    3.718930000000000e-006
    3.019960000000000e-006
    2.452940000000000e-006
    1.992810000000000e-006
    1.619300000000000e-006
    1.316030000000000e-006
    1.069730000000000e-006
    8.696470000000000e-007
    7.070870000000000e-007
    5.749860000000000e-007
    4.676210000000000e-007
    3.803470000000000e-007
    3.093940000000000e-007
    2.517020000000000e-007
    2.047880000000000e-007
    1.666340000000000e-007
    1.356000000000000e-007
    1.103550000000000e-007
    8.981820000000000e-008
    7.310869999999999e-008
    5.951250000000000e-008
    4.844840000000000e-008
    3.944420000000000e-008
    3.211570000000000e-008
    2.615060000000000e-008
    2.129490000000000e-008
    1.734190000000000e-008
    1.412370000000000e-008
    1.150340000000000e-008
    9.369750000000000e-009
    7.632339999999999e-009
    6.217460000000000e-009
    5.065150000000000e-009
    4.126640000000000e-009
    3.362200000000000e-009
    2.739520000000000e-009
    2.232270000000000e-009
    1.819030000000000e-009
    1.482360000000000e-009
    1.208060000000000e-009
    9.845510000000000e-010
    8.024260000000000e-010
    6.540110000000000e-010
    5.330570000000000e-010
    4.344760000000000e-010
    3.541230000000000e-010
    2.886190000000000e-010
    2.352120000000000e-010
    1.916610000000000e-010
    1.561380000000000e-010
    1.271520000000000e-010
    1.034880000000000e-010
    8.415479999999999e-011
    6.834260000000000e-011
    5.538970000000000e-011
    4.475450000000000e-011
    3.599270000000000e-011
    2.873880000000000e-011
    2.269060000000000e-011
    1.759660000000000e-011
    1.324570000000000e-011
    9.458130000000000e-012
    6.078120000000000e-012
    2.967500000000000e-012
                         0

dr
.2e-3

zMax
.1

dz
.5e-3

dTheta
1

gasQuickCode
1

turbulenceConstant
.0368

ArPct
100

HePct
0

H2Pct
0